+6281271861257
+6281291722623
+6281311213647
+6281315883132
+6281317120082
+6281320437075
+6281323747609
+6281331647653
+6281334254114
+6281335840558
+6281336691349
+6281339750957
+6281342001762
+6281359124943
+6281359610799
+6281395359645
+6281395575330
+6281398287310
+6281413244791
+6281526050947
+6281546983295
+6281553743060
+6281575352297
+6281585337858
+6281585959078
+6281772841596
+6281802878683
+6281910260548
+6281912893425
+6281918591166
+6281933903691
+6281999944524
+6282114381307
+6282117173748
+6282118479805
+6282120787985
+6282124305561
+6282126295680
+6282127262161
+6282132578206
+6282145165540
+6282152546798
+6282162424267
+6282164720617
+6282174790785
+6282175817052
+6282179500292
+6282195807594
+6282211153010
+6282211376914
+6282237146034
+6282259227063
+6282267921349
+6282269541025
+6282274024839
+6282280895959
+6282281430124
+6282288816889
+6282311428174
+6282311570479
+6282324643664
+6282325152250
+6282339740975
+6282351369766
+6282388062122
+6282393324857
+6283102055107
+6283103752891
+6283104228739
+6283108475425
+6283108562032
+6283111090176
+6283111185300
+6283131645310
+6283137145940
+6283138021172
+6283138796576
+6283146994298
+6283147369510
+6283149687898
+6283151636199
+6283160375967
+6283162520114
+6283169375974
+6283169809680
+6283175140281
+6283181567978
+6283195109286
+6283801131041
+6283820005594
+6283821950199
+6283822450094
+6283826112040
+6283839438109
+6283841387805
+6283847272259
+6283854670529
+628386039804
+6283866090534
+6283871881975
+628388106340
+628388556752
+6283891811793
+6283892750894
+6283894512569
+6285162783736
+6285163722507
+6285257418291
+6285268593943
+6285271055287
+6285271877751
+6285298587323
+6285317283042
+6285321223295
+6285363757170
+6285649854194
+6285651411413
+6285659242620
+6285691001359
+6285692820548
+6285701923163
+6285704849367
+6285710955496
+6285714518970
+6285715337831
+6285717941348
+6285719087962
+6285719637181
+6285720394489
+6285721733763
+6285723438531
+6285723856912
+6285724341632
+6285731791667
+6285731921952
+6285732071660
+6285743928427
+6285752212941
+6285754589521
+6285755112064
+6285756456614
+6285757513957
+6285761146492
+6285763516656
+6285771205634
+6285771699671
+6285774227169
+6285775041262
+6285778480781
+6285780011006
+6285781839038
+6285782747869
+6285798160259
+6285798935192
+6285810015939
+6285811319290
+6285811586443
+6285811678947
+6285814090524
+6285817236706
+6285845163726
+6285845234423
+6285846110546
+6285853754996
+6285855286801
+6285856606812
+6285859944235
+6285864828703
+6285876129741
+6285883072134
+6285883516289
+6285883704143
+6285885286730
+6285891607172
+6285892459460
+6285892667508
+6285893446013
+6285894091002
+6285921211210
+6285930262153
+6285933669827
+6285934801432
+6285934995205
+6285950031459
+6287725849190
+6287730595303
+6287752480706
+6287789259769
+6287827110831
+6287843129585
+6287852926266
+6287865926059
+6287875553009
+62881010065337
+62881027822133
+62882001082663
+62882007352079
+6288211283131
+6288214302881
+6288293776221
+6288294339531
+6288805763856
+628889750189
+6288971994473
+6288975892179
+6288989598980
+6289512621810
+6289514236490
+6289515288031
+6289516772739
+6289516871403
+6289523400180
+6289525008816
+6289530849786
+62895322579598
+62895397003408
+62895410426442
+62895410782040
+6289603030623
+6289617040928
+6289626358867
+6289630336184
+6289639465269
+6289644851914
+6289652041306
+6289667949078
+628977797878
+628978783183
+628979293295
