+6285262850234
+6288216757245
+6282293077915
+6281585627766
+6281269550266
+6281290596475
+6281351050482
+6285366869692
+6282311211220
+6288983321768
+6281351693340
+6283141499773
+6285361642197
+62895416052304
+6282349485140
+6281282074284
+6282289826466
+6281380777584
+6287854250213
+628994648651
+6283827241177
+6288262891926
+6282334172178
+6285336507051
+6289627517116
+62881012639624
+60165273623
+6281934067426
+6282198811805
+6281906005662
+6285217788441
+6281373192544
+6285173231185
+6282398752776
+6285736432994
+6282271544740
+6281264846163
+6282172972865
+6283164483777
+6283121087244
+6283133428134
+6281344403710
