+6281217722487
+6281223182788
+6281246732970
+6281254736866
+6281313237356
+6281320228624
+6281325087889
+6281327655221
+6281328557842
+6281332226018
+6281346429623
+6281355509159
+6281389883331
+6281391358607
+6281399788122
+6281520347471
+6281528709088
+6281555702661
+6281563138672
+628161136194
+628161613411
+6281617506797
+6281910261285
+6282116452501
+6282118070537
+6282131025621
+6282131609340
+6282133494474
+6282133709149
+6282135011124
+6282139420268
+6282139908776
+6282143471233
+6282144588565
+6282162939242
+6282177515395
+6282181072336
+6282190005740
+6282192066280
+6282244701532
+6282245015405
+6282249834224
+6282258100142
+6282268718542
+6282271512332
+6282273839658
+6282281322772
+6282281394242
+6282284134451
+6282284543085
+6282289579005
+6282289579012
+6282295501556
+6282310108241
+6282323960498
+6282325328744
+6282366686222
+6282372365041
+6283127072521
+6283128751528
+6283137503042
+6283149161053
+6283152737488
+6283159933014
+6283189331065
+6283199826411
+6283841063475
+6283846682220
+6283851030146
+6283853195494
+6283872967196
+628388082479
+6283891518050
+6283893883216
+6283894173718
+6283894355641
+6283899188155
+6285133330441
+6285141521340
+6285142115903
+6285142835249
+6285162529377
+6285174360064
+6285184366018
+6285210011120
+6285215565110
+6285218263634
+6285231053934
+6285236784931
+6285247243761
+6285264345943
+6285274519794
+6285335304856
+6285378880427
+6285607688193
+6285654078279
+6285658815611
+6285659494533
+628567652044
+628568242313
+6285692954519
+6285696424885
+6285721664746
+6285742945607
+6285780109554
+6285807217316
+6285810329334
+6285816216075
+6285817398553
+6285839300876
+6285846165601
+6285852864192
+6285860531513
+6285867581476
+6285869257687
+6285877592261
+6285883067808
+6285892219415
+6285893347375
+6285934826113
+6285960299109
+6287749793736
+6287769951781
+6287839291835
+6287863823507
+6287885745892
+6287895894930
+62881026597973
+628812470939
+628818183161
+628818683461
+62882006648334
+62882021599538
+6288213510928
+6288222132609
+6288224120830
+6288802232750
+628881985998
+6288989573343
+6289525484724
+6289527470164
+62895320280586
+62895321619159
+62895327448760
+62895365822233
+62895411856964
+62895415213700
+62895417881936
+6289602063703
+6289602431086
+6289638312140
+6289649995719
+6289685241691
+6289694329552
+6289696338155
+628974470904
