+628112444708
+628113730886
+6281244803579
+6281258116161
+6281280742544
+6281288379611
+628129295945
+6281316810385
+6281328032765
+6281341379432
+6281343710233
+6281356916273
+6281369029441
+6281372749615
+6281381052089
+6281390868919
+628153160103
+6281555991799
+6282128241379
+6282170880376
+6282214693917
+6282234459164
+6282315598289
+6282340542339
+6282352640355
+6282369458203
+6282374286884
+6282388166581
+6283149869943
+6285141709867
+6285220365707
+6285225394644
+6285255254655
+6285257877679
+6285266824546
+6285268550749
+6285283820334
+6285283934656
+6285331564393
+6285655001920
+6285778151283
+6285803520660
+6285810612207
+6285819784643
+6285823834657
+6285863237661
+6285946106491
+6287865363346
+628817689394
+6289677530604
