+6281210420471
+6281214195081
+6281226524143
+6281231552785
+6281237523319
+6281241965195
+6281242757447
+6281242936571
+6281250448198
+6281254149619
+6281265408181
+6281269550266
+6281296657728
+6281322368959
+6281333562143
+6281342595665
+6281345984180
+6281351693340
+6281373192544
+6281377757642
+6281380777584
+6281383108583
+6281385271940
+6281392122710
+6281522614836
+6281564754386
+6281617394107
+6281649723511
+6281882801750
+6281910535066
+6281927010857
+6281934067426
+6282120664689
+6282124857469
+6282142375691
+6282167083232
+6282172615671
+6282174574054
+6282174803651
+6282185045556
+6282197753078
+6282198111739
+6282210547242
+6282210846735
+6282210907870
+6282219893247
+6282254898340
+6282256998427
+6282264342526
+6282276665504
+6282281781312
+6282285700309
+6282285860737
+6282286854573
+6282320084158
+6282328238090
+6282349485140
+6282351478908
+6282353285834
+6282372248153
+6283114530050
+6283116782161
+6283121087244
+6283125397183
+6283133428134
+6283134034151
+6283135974158
+6283141499773
+6283143763589
+6283164483777
+6283809618338
+6283839763840
+6283841012770
+6283867036627
+6283872069202
+6283873936933
+6283876391775
+6285176898622
+6285179978413
+6285216511923
+6285217807473
+6285227627592
+6285273318290
+6285283034078
+6285340171510
+6285343786029
+6285346109953
+6285349018125
+6285355222646
+6285397324250
+6285398901817
+6285643752013
+6285648568444
+6285668503806
+6285669848162
+6285691210712
+6285694541849
+6285706077754
+6285709144413
+6285711606905
+6285717478684
+6285725095526
+6285727063480
+6285736432994
+6285756128628
+6285767078884
+6285793681357
+6285794735538
+6285797255744
+6285828568619
+6285886603955
+6285891579748
+6287755390905
+6287776602122
+6287812233857
+6287817054690
+6287828740643
+6287841539978
+6287845713728
+6287854250213
+6287872465798
+62882005182951
+62882019744425
+6288228841502
+6288271198506
+62887437913132
+6289519743495
+6289520113450
+6289526367603
+62895331135546
+62895416052304
+6289675533030
+6289693184342
+628979990501
+628994235043
+628995531057
