+628111668595
+62811280687
+62811469121
+62811531978
+628115410777
+628121127277
+6281211486797
+6281211753522
+6281212931793
+6281221891771
+6281222927100
+628122538458
+6281232527829
+6281232599221
+6281233255736
+6281242733333
+6281245101521
+6281246606782
+6281256026808
+6281271448538
+6281272340004
+6281272995783
+6281282571013
+6281283936576
+6281286210706
+6281287906414
+6281289755752
+6281290550487
+628129167557
+6281293571680
+6281296674218
+6281299038446
+6281312957275
+6281313639967
+6281316285104
+6281317795939
+6281319729363
+6281321292379
+6281322279003
+6281323904994
+6281325672885
+6281326952370
+6281327237969
+6281340395879
+6281343624279
+6281343754697
+6281348198570
+6281351220738
+6281354656721
+6281355345706
+6281355500330
+6281367578466
+6281374999183
+6281377199096
+6281383083402
+6281383141607
+6281388242817
+6281396522763
+6281519904581
+6281541564198
+6281573132840
+6281578547934
+6281645491890
+628164638658
+628175417546
+628179075874
+6281807432355
+6281933053123
+6281949280629
+6282114925199
+6282120731274
+6282122223357
+6282123114891
+6282123587232
+6282125688562
+6282132428942
+6282134102470
+6282136275400
+6282142661965
+6282149031778
+6282153846945
+6282154335909
+6282154480239
+6282160625995
+6282181462100
+6282186548336
+6282187465323
+6282188422470
+6282194920156
+6282196528737
+6282216955599
+6282218140024
+6282220442160
+6282227228281
+6282227740511
+6282231225602
+6282247550658
+6282264432882
+6282280464524
+6282280935047
+6282283484386
+6282284212008
+6282285481213
+6282285769397
+6282293450969
+6282298019592
+6282310909848
+6282311303229
+6282333397349
+6282341811281
+6282365429439
+6282386390307
+6283119860284
+6283120943797
+6283129343896
+6283861954651
+6285161114979
+6285204849806
+6285204877222
+6285206679316
+6285210925070
+6285212762246
+6285219872687
+6285220606908
+6285222496110
+6285223518905
+6285227171227
+6285235020837
+6285241713324
+6285242171512
+6285247632124
+6285248221267
+6285254208230
+6285256655995
+6285261418268
+6285263957071
+6285270887675
+6285273074561
+6285273769999
+6285275299947
+6285275588586
+6285297080899
+6285299605697
+6285317771302
+6285323859627
+6285324187856
+6285332479213
+6285333350877
+6285335354709
+6285339286330
+6285342593047
+6285348064051
+6285351653210
+6285362699222
+6285363445133
+6285377587945
+6285381774281
+6285604983199
+628563360040
+6285647804120
+6285648791158
+6285659606850
+628568602874
+6285707375556
+6285707673020
+6285716741573
+6285719659455
+6285722410071
+6285745964361
+6285746923212
+6285759204485
+6285775342164
+6285779492011
+6285790502200
+6285794857900
+6285807157468
+6285819707674
+6285824427263
+6285824510766
+6285824759116
+6285842895855
+6285886490710
+6285888454575
+6287710111194
+6287737030660
+6287753221720
+6287764030539
+6287774068344
+6287774328444
+6287778585641
+6287780109783
+6287795468199
+6287808784122
+6287821394978
+6287844096015
+6287864046844
+6287873761381
+6287886842337
+6287887881481
+62882001325593
+62882005954923
+6288239381967
+6288988805855
+6289508112131
+62895343167547
+62895635291403
+6289604547544
+6289650003212
+6289652491507
+6289653874268
